450300
450301
449302
449303
448304
448305
447306
447307
446308
446309
445310
445311
444312
444313
443314
443315
442316
442317
441318
441319
440320
440321
439322
439323
438324
438325
437326
437327
436328
436329
435330
435331
434332
434333
433334
433335
432336
432337
431338
431339
430340
430341
429342
429343
428344
428345
427346
427347
426348
426349
425350
425351
424352
424353
423354
423355
422356
422357
421358
421359
420360
420361
419362
419363
418364
418365
417366
417367
416368
416369
415370
415371
414372
414373
413374
413375
412376
412377
411378
411379
410380
410381
409382
409383
408384
408385
407386
407387
406388
406389
405390
405391
404392
404393
403394
403395
402396
402397
401398
401399
400400
400401
